PMD,Industry,Urban,Farming,Main,Tributary,n_location_types
0.036,1,1,1,1,1,5
1.979,1,1,1,1,1,5
2.016,1,1,1,1,1,5
2.052,1,1,1,1,1,5
3.959,1,1,1,1,1,5
3.995,1,1,1,1,1,5
4.031,1,1,1,1,1,5
5.989,1,1,1,1,1,5
6.011,1,1,1,1,1,5
6.047,1,0,0,1,1,3
7.969,1,1,1,1,1,5
8.005,1,1,1,1,0,4
8.041,1,1,0,1,0,3
9.948,0,0,1,1,1,3
9.984,1,1,1,1,1,5
10.021,1,1,1,1,1,5
11.964,1,1,1,1,1,5
12,1,1,1,1,1,5
12.036,1,1,1,1,1,5
13.979,1,1,1,1,1,5
14.016,1,1,1,1,1,5
14.052,1,1,1,1,1,5
15.959,1,1,1,1,1,5
15.995,1,1,1,1,1,5
16.031,1,1,1,1,1,5
16.068,0,0,0,0,1,1
17.974,1,1,1,1,1,5
18.011,1,1,1,1,1,5
18.047,1,1,1,1,1,5
19.99,1,0,0,0,0,1
20.026,1,1,1,1,1,5
20.063,1,1,0,1,1,4
21.984,1,1,1,1,1,5
23.964,1,1,1,1,1,5
24,1,1,1,1,1,5
24.036,1,1,1,1,1,5
25.979,1,1,1,1,1,5
26.016,1,1,1,1,1,5
26.052,0,1,0,1,1,3
27.959,1,1,1,1,1,5
27.995,1,1,1,1,1,5
28.031,1,1,1,1,1,5
29.974,1,1,1,1,1,5
30.011,1,1,1,1,1,5
30.047,1,1,1,1,1,5
31.99,1,1,1,1,1,5
32.008,0,0,0,1,0,1
32.026,1,1,1,1,1,5
32.063,1,1,1,1,1,5
34.005,1,1,1,1,1,5
34.042,1,1,1,1,1,5
35.964,1,0,0,0,0,1
36,1,1,0,1,0,3
36.036,1,1,0,1,0,3
36.058,0,0,0,1,0,1
37.979,1,1,1,1,1,5
38.016,1,1,1,1,1,5
39.959,1,1,1,1,1,5
39.995,1,1,1,1,1,5
40.031,1,1,1,1,1,5
41.974,1,1,1,1,1,5
42.011,1,1,1,1,1,5
42.047,1,1,1,1,1,5
43.99,1,1,1,1,1,5
44.008,0,0,0,1,0,1
44.026,1,1,1,1,1,5
44.063,1,1,1,1,1,5
46.005,1,1,1,1,1,5
46.042,1,1,1,1,1,5
48.021,1,1,1,1,1,5
48.058,1,1,1,1,1,5
51.959,1,0,0,0,0,1
51.995,1,1,1,1,1,5
52.031,1,1,0,0,1,3
53.974,1,0,1,0,1,3
54.011,1,1,1,1,1,5
54.047,1,1,1,1,1,5
55.99,1,1,1,1,1,5
56.008,0,0,0,1,0,1
56.026,1,1,1,1,1,5
56.063,1,1,1,1,1,5
58.005,1,1,1,1,1,5
58.042,1,1,1,1,1,5
60.021,1,1,1,1,1,5
60.058,1,1,1,1,1,5
62.037,0,1,1,0,1,3
66.011,1,1,1,1,1,5
67.99,1,1,1,1,1,5
68.026,1,1,1,1,1,5
68.063,0,1,0,1,0,2
70.005,1,1,1,1,1,5
70.042,1,1,1,1,1,5
71.985,0,0,1,0,1,2
72.021,1,1,1,1,1,5
72.058,1,1,1,1,1,5
74,1,1,1,1,1,5
74.037,1,1,1,1,1,5
76.052,1,1,1,1,0,4
80.026,1,0,0,0,0,1
82.005,1,1,1,1,1,5
82.042,0,1,1,0,1,3
83.985,0,0,1,0,0,1
84.021,1,1,1,1,1,5
84.058,1,1,1,1,1,5
86,1,1,1,1,1,5
86.037,1,1,1,1,1,5
88.016,0,1,1,1,1,4
88.052,1,1,1,1,1,5
94.005,1,1,1,0,1,4
96.021,0,0,1,0,1,2
98,1,1,1,1,1,5
98.037,0,1,1,0,1,3
100.016,0,1,1,0,1,3
100.052,1,1,1,1,1,5
102.032,0,0,1,0,0,1
110,1,0,0,0,0,1
112.052,1,1,1,1,1,5
114.032,0,0,1,0,0,1
